%YAML:1.0
Resolution: [ 1920, 1200 ]
Radius: 50
