%YAML:1.0
Camera_device: 1
Resolution_camera: [ 640, 480 ]
Resolution_projector: [ 1024, 750 ]
Camera_projector_transformation: !!opencv-matrix
   rows: 3
   cols: 3
   dt: d
   data: [ -3.3306444445123917e+00, -1.6732902711665134e+00,
       1.8548661697348111e+03, 1.9639060287587879e+00,
       -3.0446353818627325e+00, 4.3817183858212337e+02,
       5.1679396744463892e-05, 5.8797712290749402e-04, 1. ]
Frames_projector_camera_delay: 5
Projector_background_light: 3.9000000000000001e-01
Meter: 1.7700282287597656e+02
