%YAML:1.0
Camera_device: 1
Resolution_camera: [ 640, 480 ]
Resolution_projector: [ 1024, 768 ]
Fullscreen_projector: 1
Camera_projector_transformation: !!opencv-matrix
   rows: 3
   cols: 3
   dt: d
   data: [ -2.4537760948294896e+00, -2.1545351076551622e+00,
       1.6703033422096648e+03, 2.3313434240540136e+00,
       -2.0565462904202692e+00, 2.0630173196961522e+02,
       -1.2909164466498200e-04, 6.8259197214496064e-04, 1. ]
Frames_projector_camera_delay: 0
Projector_background_light: 3.7999999523162842e-01
Meter_camera: 1.9432962036132812e+02
Meter_projector: 5.8712823486328125e+02
Maximum_FPS_scene: 60
FPS_capture_scene: 8
Iterations_delay_peopleextracting: 5000
Factor_resize_capture_scene: 10
