%YAML:1.0
Resolution_projector: [ 1024, 768 ]
Camera_projector_transformation: !!opencv-matrix
   rows: 3
   cols: 3
   dt: d
   data: [ -3.6791964736614036e+00, 1.4150755667929071e-01,
       1.6540818300241594e+03, -1.2753670633660147e-01,
       -5.0832487239874400e+00, 2.0976873067654810e+03,
       9.2843379002089483e-05, -3.1576877459295501e-05, 1. ]
