%YAML:1.0
Camera_device: 1
Resolution_camera: [ 640, 480 ]
Resolution_projector: [ 1920, 1080 ]
Camera_projector_transformation: !!opencv-matrix
   rows: 3
   cols: 3
   dt: d
   data: [ -6.8771981600709458e+00, 2.6450762154118923e-01,
       3.0918295881949753e+03, -1.7758912112275105e-01,
       -7.0781949704639953e+00, 2.9209351244781428e+03,
       6.8652215763627877e-05, -2.9266762165230248e-05, 1. ]
Frames_projector_camera_delay: 5
Percentage_projector_background_light: 39
