%YAML:1.0
Camera_device: 1
Resolution_camera: [ 640, 480 ]
Resolution_projector: [ 1024, 768 ]
Fullscreen_projector: 1
Camera_projector_transformation: !!opencv-matrix
   rows: 3
   cols: 3
   dt: d
   data: [ -3.2278547504366610e+00, -1.7830054811935825e+00,
       1.8008355360055205e+03, 1.9932581658053374e+00,
       -2.9326097152078532e+00, 4.2073785007872692e+02,
       3.2905304220057739e-05, 5.2423793633561526e-04, 1. ]
Frames_projector_camera_delay: 0
Projector_background_light: 3.7999999523162842e-01
Meter_camera: 1.7608236694335938e+02
Meter_projector: 5.8604071044921875e+02
Maximum_FPS_scene: 60
FPS_capture_scene: 8
Iterations_delay_peopleextracting: 5000
Factor_resize_capture_scene: 10
