%YAML:1.0
Camera_device: 1
Resolution_camera: [ 640, 480 ]
Resolution_projector: [ 1024, 750 ]
Camera_projector_transformation: !!opencv-matrix
   rows: 3
   cols: 3
   dt: d
   data: [ -3.2883710173777811e+00, -1.6761114408964413e+00,
       1.8355655093070566e+03, 1.8891239645410840e+00,
       -3.0133265692066322e+00, 4.6043629977477383e+02,
       2.8685374756864078e-05, 4.5795660807487629e-04, 1. ]
Frames_projector_camera_delay: 5
Projector_background_light: 3.9000000000000001e-01
Meter: 1.7846287536621094e+02
