%YAML:1.0
Resolution_projector: [ 1024, 768 ]
Camera_projector_transformation: !!opencv-matrix
   rows: 3
   cols: 3
   dt: d
   data: [ -3.8026479617992006e+00, 1.9205292736360047e-01,
       1.6906035089962634e+03, -5.9042208816900310e-02,
       -4.1034335127745099e+00, 1.7673694787250665e+03,
       1.1787409175696207e-04, 2.7942208335771795e-05, 1. ]
