%YAML:1.0
Camera_device: 1
Resolution_camera: [ 640, 480 ]
Resolution_projector: [ 1024, 750 ]
Camera_projector_transformation: !!opencv-matrix
   rows: 3
   cols: 3
   dt: d
   data: [ -3.2135914036471682e+00, -1.7730159468398172e+00,
       1.7942921382018951e+03, 2.0212419872730831e+00,
       -2.9399883451244841e+00, 3.8807846155643176e+02,
       1.2428176716415898e-05, 5.4558122573988843e-04, 1. ]
Frames_projector_camera_delay: 0
Projector_background_light: 4.6000000000000002e-01
Meter: 1.7700282287597656e+02
