%YAML:1.0
Camera_device: 1
Resolution_camera: [ 640, 480 ]
Resolution_projector: [ 800, 600 ]
Camera_projector_transformation: !!opencv-matrix
   rows: 3
   cols: 3
   dt: d
   data: [ -4.0329171589900117e+00, 1.1605517004288179e-01,
       1.8287683557431603e+03, -2.0369994552987872e-01,
       -4.9793320018414233e+00, 2.0914326074098035e+03,
       2.8058789708345776e-04, 1.0488655854762894e-04, 1. ]
Frames_projector_camera_delay: 5
Projector_background_light: 3.9000000000000001e-01
Meter: 100.
