%YAML:1.0
Camera_device: 1
Resolution_camera: [ 640, 480 ]
Resolution_projector: [ 1024, 750 ]
Camera_projector_transformation: !!opencv-matrix
   rows: 3
   cols: 3
   dt: d
   data: [ -3.8614072199913103e+00, 1.4005103906704253e-01,
       1.6992392570004265e+03, -1.0668124883297936e-01,
       -4.0386472772484927e+00, 1.7124626464453841e+03,
       1.1764767750275986e-04, -5.0424738193490144e-05, 1. ]
Frames_projector_camera_delay: 5
Projector_background_light: 3.9000000000000001e-01
Meter: 2.1219094848632812e+02
